best_sol:190 63 47 134 150 126 160 83 113 27 177 141 21 3 174 26 129 58 108 186 45 155 180 46 172 84 194 30 110 31 188 5 189 100 97 64 17 37 171 18 127 91 54 35 105 69 145 1 175 28 176 166 34 68 156 148 72 118 92 29 109 135 59 107 12 77 95 178 151 51 67 192 71 65 8 197 87 152 187 74 132 119 22 13 6 116 42 163 147 98 81 93 7 104 10 123 159 56 111 4 117 20 36 115 144 73 130 48 193 122 161 14 94 85 101 136 181 131 15 49 89 88 9 121 157 60 120 38 50 61 23 66 80 40 86 75 162 11 146 182 170 133 200 103 184 82 195 168 33 124 102 196 179 191 153 41 76 125 78 106 169 183 2 16 62 39 198 19 52 149 164 199 24 70 99 173 55 128 165 53 167 142 57 112 185 79 96 143 140 114 32 137 158 154 90 44 138 25 43 139 
best_value:4160592 0.000000 -2147483648time1:0.250000  time2:0.246000  time3:0.218000  time4:0.437000  totaltime1:2.451000  totaltime2:2.464000  
***********
best_sol:190 63 198 48 66 126 160 83 113 27 43 131 21 3 60 26 129 58 144 182 45 110 187 46 35 117 189 156 4 31 188 185 169 22 97 54 17 184 81 111 175 91 176 147 84 89 145 118 164 192 100 16 165 72 73 34 18 114 92 29 6 135 59 107 171 53 99 40 141 51 67 146 194 95 109 197 87 157 69 74 174 119 76 13 168 196 77 166 142 98 30 14 7 133 10 123 2 56 106 71 150 33 36 115 120 47 130 148 193 122 161 70 94 167 101 137 8 65 155 151 42 88 9 116 11 191 80 38 159 61 108 163 177 103 86 75 105 55 152 93 170 136 200 12 172 82 178 49 15 124 102 104 179 20 153 180 50 125 78 186 28 183 195 23 62 39 132 19 52 149 181 199 24 37 96 173 127 128 134 5 41 85 57 112 139 79 1 143 140 64 32 68 158 154 90 44 138 25 121 162 
best_value:5011752 468.285000 -2147483648time1:0.250000  time2:0.246000  time3:0.218000  time4:0.437000  totaltime1:2.451000  totaltime2:2.464000  
***********
best_sol:190 63 47 134 150 126 160 83 113 27 177 141 21 3 174 26 129 58 108 186 45 155 180 46 172 84 194 30 110 31 188 5 189 100 97 64 17 37 171 18 127 91 54 35 105 69 145 1 175 28 176 166 34 68 156 148 72 118 92 29 109 135 59 107 12 77 95 178 151 51 67 192 71 65 8 197 87 152 187 74 132 119 22 13 6 116 42 163 147 98 81 93 7 104 10 123 159 56 111 4 117 20 36 115 144 73 130 48 193 122 161 14 94 85 101 136 181 131 15 49 89 88 9 121 157 60 120 38 50 61 23 66 80 40 86 75 162 11 146 182 170 133 200 103 184 82 195 168 33 124 102 196 179 191 153 41 76 125 78 106 169 183 2 16 62 39 198 19 52 149 164 199 24 70 99 173 55 128 165 53 167 142 57 112 185 79 96 143 140 114 32 137 158 154 90 44 138 25 43 139 
best_value:4160592 0.000000 -2147483648time1:0.250000  time2:0.246000  time3:0.218000  time4:0.437000  totaltime1:2.451000  totaltime2:2.464000  
***********
best_sol:1 63 95 156 66 126 41 85 113 27 177 104 97 9 174 26 68 58 191 48 138 187 81 102 172 117 194 30 62 31 192 5 189 100 67 35 90 101 171 18 175 91 54 147 84 129 65 198 108 28 176 106 50 49 42 148 72 33 13 164 17 135 110 83 115 77 114 40 32 181 121 69 71 130 109 197 87 169 38 74 132 119 22 53 6 196 24 86 157 98 123 92 88 133 105 178 149 56 111 188 7 70 34 184 144 47 20 99 193 122 158 14 94 43 153 136 118 116 154 161 46 124 36 103 11 60 120 146 93 61 23 160 80 45 168 163 131 55 152 155 15 29 200 12 79 82 195 51 10 151 73 4 179 3 39 180 76 125 78 186 75 183 2 21 190 170 16 19 159 141 145 199 52 37 59 173 127 128 134 165 167 142 57 112 185 107 96 143 140 64 182 137 162 89 150 44 166 25 8 139 
best_value:5010713 530.414000 -2147483648time1:0.250000  time2:0.246000  time3:0.218000  time4:0.437000  totaltime1:2.451000  totaltime2:2.464000  
***********
