best_sol:80 107 70 153 51 162 148 43 20 46 101 79 146 125 174 171 37 31 10 96 3 63 188 88 5 15 54 40 62 11 113 143 81 29 129 144 130 154 64 24 106 84 2 198 74 68 187 77 85 83 42 69 6 41 181 180 145 86 175 166 160 164 124 49 59 136 21 117 45 196 19 52 56 4 8 118 161 58 48 82 91 16 34 105 36 61 126 138 89 90 109 60 9 158 67 137 72 177 33 152 200 23 35 114 139 184 39 111 13 147 122 55 185 172 176 173 93 65 132 94 50 98 131 150 151 191 182 76 27 18 26 66 102 1 169 194 127 47 193 123 170 71 17 73 108 190 165 14 75 103 142 104 110 178 149 53 78 99 120 141 38 92 192 25 32 168 119 155 57 186 199 95 22 134 133 100 30 140 28 128 179 189 195 116 135 157 97 12 156 163 167 112 87 197 121 115 183 7 44 159 
best_value:777076 1042.227000 -2147483648time1:0.267000  time2:0.274000  time3:0.248000  time4:0.503000  totaltime1:2.609000  totaltime2:2.629000  
***********
best_sol:188 107 70 153 175 166 74 163 36 46 169 79 50 66 9 168 37 31 167 96 200 63 58 88 160 15 119 40 95 118 180 149 189 29 162 144 130 154 171 77 106 26 2 198 123 10 187 16 85 83 42 69 6 183 20 84 45 12 112 156 48 164 145 49 59 136 21 182 53 196 143 52 56 4 161 38 55 157 81 82 91 72 34 13 148 61 24 138 89 90 19 60 111 158 181 137 39 177 33 152 125 23 35 114 139 25 170 80 194 147 102 146 185 62 176 87 93 141 132 94 179 98 131 150 151 14 173 76 27 54 43 11 8 1 174 191 127 47 193 67 3 71 17 73 108 122 165 22 75 103 99 199 110 178 18 184 78 105 120 159 113 92 124 5 32 104 86 155 57 186 65 172 41 109 133 100 30 140 64 128 192 51 195 116 135 134 97 101 126 190 142 129 117 197 121 115 28 7 44 68 
best_value:777157 384.578000 -2147483648time1:0.267000  time2:0.274000  time3:0.248000  time4:0.503000  totaltime1:2.609000  totaltime2:2.629000  
***********
best_sol:169 107 131 153 51 162 67 163 20 80 101 79 50 136 9 48 37 135 10 5 56 86 58 88 8 15 54 40 62 113 180 143 81 29 129 144 130 36 150 24 106 26 2 198 74 28 187 118 85 63 42 69 6 41 156 84 45 31 112 166 160 164 124 49 59 16 21 182 53 196 66 52 104 110 139 75 55 46 30 82 91 119 34 114 148 61 90 138 89 194 19 77 22 158 181 137 72 177 33 152 200 193 145 147 71 23 170 111 13 11 122 83 185 161 176 173 93 25 132 171 188 98 134 109 151 65 105 76 95 18 96 60 102 1 179 191 127 47 184 123 3 174 17 73 108 27 165 14 186 39 142 172 168 178 149 35 78 99 120 141 38 92 192 154 32 87 175 155 57 94 199 189 167 70 133 100 4 140 64 128 68 43 195 116 103 157 97 12 126 190 146 125 117 197 121 115 183 7 44 159 
best_value:777355 984.768000 -2147483648time1:0.267000  time2:0.274000  time3:0.248000  time4:0.503000  totaltime1:2.609000  totaltime2:2.629000  
***********
best_sol:188 107 84 179 66 162 158 163 36 46 169 79 50 11 174 42 37 31 10 101 173 90 58 88 160 15 171 40 106 157 113 143 22 29 129 144 130 154 63 24 8 39 73 198 74 28 187 118 85 35 193 69 6 168 20 180 18 86 175 156 48 164 124 49 59 26 183 117 53 196 4 52 115 12 109 75 161 27 81 82 91 16 34 13 148 61 126 138 89 45 19 60 111 99 181 137 72 177 33 152 100 23 145 80 139 25 170 55 65 147 102 83 41 172 153 87 93 141 132 94 108 98 114 150 62 200 182 76 95 54 96 151 56 1 146 194 127 47 112 123 3 71 17 51 134 166 165 78 14 103 142 199 110 178 149 184 191 105 120 159 38 77 192 5 32 104 131 155 57 186 185 189 167 176 133 70 30 140 64 128 121 43 195 116 135 21 97 119 44 190 67 125 2 197 136 122 92 7 9 68 
best_value:777393 278.200000 -2147483648time1:0.267000  time2:0.274000  time3:0.248000  time4:0.503000  totaltime1:2.609000  totaltime2:2.629000  
***********
