best_sol:101 5 91 113 94 17 114 20 62 133 78 79 199 82 152 111 164 186 180 100 40 162 198 74 176 39 95 44 106 103 55 37 135 50 63 182 129 42 193 72 16 9 58 190 175 29 99 52 126 145 45 56 89 27 46 96 160 151 139 60 36 147 86 15 130 76 188 93 136 97 161 189 124 31 6 73 104 22 13 68 137 10 171 134 107 83 167 121 19 183 35 156 200 71 51 170 112 166 53 67 184 77 127 75 174 144 177 85 143 128 181 81 90 187 11 48 80 168 149 155 141 115 18 32 24 49 131 194 43 7 88 150 163 148 173 119 196 87 65 21 159 59 142 26 23 118 38 132 122 165 157 28 69 61 64 195 153 1 185 54 125 109 92 169 146 140 25 33 154 4 138 158 30 172 47 116 3 105 57 41 197 84 2 12 34 178 123 110 117 108 102 179 192 70 66 191 120 14 98 8 
best_value:1223535 0.449000 -2147483648time1:0.263000  time2:0.312000  time3:0.471000  time4:0.922000  totaltime1:3.006000  totaltime2:3.609000  
***********
best_sol:101 5 55 112 97 17 114 20 41 135 98 79 195 81 154 111 164 186 180 99 40 125 188 74 176 39 95 44 106 103 102 37 162 49 63 182 151 42 200 72 35 10 58 189 175 29 62 52 181 145 45 56 88 28 46 96 160 133 139 59 36 147 86 15 130 94 199 93 124 83 161 129 198 31 16 73 104 22 6 91 137 13 171 134 128 9 167 121 1 183 34 156 190 78 51 170 153 166 53 90 169 77 127 75 174 163 158 85 143 126 113 50 89 187 11 48 80 168 149 155 141 115 71 32 24 68 131 194 76 7 18 150 184 146 173 119 196 87 65 21 159 60 142 27 23 118 38 132 122 165 157 47 69 61 82 193 136 70 185 30 123 109 92 107 152 140 25 54 178 4 138 105 19 172 26 116 3 144 57 43 197 84 2 12 33 177 148 110 117 108 64 179 192 67 66 191 120 14 100 8 
best_value:1226030 229.503000 -2147483648time1:0.263000  time2:0.312000  time3:0.471000  time4:0.922000  totaltime1:3.006000  totaltime2:3.609000  
***********
best_sol:101 5 91 113 51 17 114 20 62 133 78 79 167 82 152 111 164 187 180 100 33 162 195 94 176 39 96 44 106 159 55 9 135 50 63 182 129 42 191 72 16 10 58 194 175 29 99 71 181 145 45 56 89 27 46 74 160 151 139 60 36 147 86 15 130 76 188 93 136 97 161 186 198 35 14 73 104 22 6 68 137 13 199 134 107 95 171 103 19 183 83 156 200 37 1 166 112 126 53 67 184 77 127 75 174 144 177 85 143 128 119 80 90 189 11 48 41 168 149 155 141 115 18 31 24 49 131 170 43 7 88 150 196 148 173 120 193 87 65 21 105 59 142 26 23 118 38 132 122 165 157 28 69 61 64 190 153 102 185 30 124 109 92 169 146 140 25 54 154 4 138 158 52 172 47 116 3 125 57 40 197 84 2 12 34 178 123 110 117 108 81 179 192 70 66 163 121 32 98 8 
best_value:1224050 0.182000 -2147483648time1:0.263000  time2:0.312000  time3:0.471000  time4:0.922000  totaltime1:3.006000  totaltime2:3.609000  
***********
best_sol:101 5 91 140 94 17 113 20 62 133 78 79 195 82 152 111 164 186 180 100 40 125 188 8 177 39 95 9 106 103 55 36 114 49 63 182 129 42 193 72 35 1 58 189 175 29 99 52 181 145 45 56 87 28 46 74 160 153 162 59 2 147 86 15 130 76 199 96 124 97 161 191 198 31 6 73 104 22 13 67 139 10 171 135 128 83 167 121 19 183 16 144 200 37 51 166 112 126 18 90 169 77 173 75 154 163 156 85 143 127 115 50 89 187 11 48 80 168 149 176 141 117 70 32 24 71 131 194 44 93 88 150 184 146 174 119 196 61 65 21 159 53 142 27 23 118 38 132 122 165 157 47 69 60 64 190 136 102 170 43 123 109 92 107 151 138 25 54 134 4 137 158 30 172 26 116 3 105 57 41 185 84 7 12 34 178 148 110 120 108 81 179 192 68 66 197 155 14 98 33 
best_value:1225164 421.731000 -2147483648time1:0.263000  time2:0.312000  time3:0.471000  time4:0.922000  totaltime1:3.006000  totaltime2:3.609000  
***********
