best_sol:160 45 74 141 80 82 192 32 91 102 4 23 188 63 104 132 172 167 147 33 96 200 117 21 108 6 17 55 162 180 18 57 166 75 92 161 195 11 111 15 44 79 50 124 120 14 67 30 122 140 34 47 73 22 97 43 194 137 165 84 88 158 77 35 182 93 177 25 127 58 148 184 119 89 13 81 144 20 3 42 186 12 131 155 189 26 171 193 40 153 95 135 128 100 2 163 185 133 69 19 114 28 173 1 190 110 136 60 183 113 145 70 56 170 38 86 48 168 197 156 138 115 46 62 90 61 146 152 94 37 7 198 125 159 199 179 169 64 51 68 143 78 174 66 24 154 27 112 187 121 134 36 99 101 16 150 116 49 149 76 103 129 10 126 109 105 29 87 118 52 164 176 83 151 98 139 65 142 59 85 181 31 71 8 54 157 106 123 196 175 5 107 178 72 39 130 191 9 41 53 
best_value:28517022 790.677000 -2147483648time1:0.300000  time2:0.565000  time3:0.251000  time4:0.520000  totaltime1:3.202000  totaltime2:3.742000  
***********
best_sol:173 45 82 141 83 87 102 32 29 107 28 23 188 63 104 131 172 167 147 21 97 198 117 41 108 10 17 55 162 187 18 57 166 75 92 154 195 11 111 6 44 79 50 124 120 14 67 30 118 140 34 48 73 22 33 99 194 150 165 84 88 158 77 35 182 93 122 25 127 58 148 184 119 89 13 81 144 20 101 42 186 12 138 155 189 26 171 193 40 152 95 135 177 72 3 163 185 133 69 19 114 43 180 1 190 128 136 60 183 113 145 70 56 170 39 91 38 168 197 156 137 115 46 62 90 61 146 160 94 37 7 192 125 159 199 179 169 64 51 68 143 78 174 66 24 153 27 112 200 121 134 36 100 96 16 161 116 49 149 76 103 129 2 126 109 105 15 80 132 4 164 176 74 151 98 139 65 142 59 85 181 31 71 8 54 157 106 123 196 175 5 110 178 86 47 130 191 9 52 53 
best_value:28519455 1068.168000 -2147483648time1:0.300000  time2:0.565000  time3:0.251000  time4:0.520000  totaltime1:3.202000  totaltime2:3.742000  
***********
best_sol:173 45 82 141 83 87 150 32 29 134 4 23 188 63 105 132 172 167 147 21 97 200 117 41 108 36 17 79 162 183 92 57 166 74 93 161 195 11 112 55 43 75 50 124 120 14 67 30 122 140 34 48 73 44 33 99 194 137 165 84 88 158 77 35 182 96 177 25 127 58 148 184 119 89 13 81 144 20 6 42 186 12 131 155 189 26 171 193 40 152 95 135 128 72 3 163 185 133 69 19 104 28 180 1 190 110 142 60 191 113 145 70 56 170 38 91 37 168 197 156 138 115 46 62 90 61 114 160 94 18 7 198 125 159 199 179 169 64 51 68 143 78 174 66 24 154 27 102 187 121 136 39 100 101 16 153 116 49 149 76 103 129 10 146 109 107 15 80 118 2 164 176 22 151 98 139 65 126 59 85 181 31 71 8 54 157 106 123 196 175 5 111 178 86 47 130 192 9 52 53 
best_value:28515978 280.042000 -2147483648time1:0.300000  time2:0.565000  time3:0.251000  time4:0.520000  totaltime1:3.202000  totaltime2:3.742000  
***********
best_sol:173 45 82 141 83 87 154 32 91 107 4 23 188 98 104 132 172 167 147 21 97 198 117 41 108 36 17 55 162 187 18 57 166 74 92 161 195 11 112 15 63 79 50 124 120 14 75 30 122 140 34 47 73 44 33 99 194 137 165 84 88 158 77 35 182 93 177 25 127 66 148 184 119 89 13 81 144 20 6 42 186 12 131 155 189 26 171 193 40 152 95 135 128 72 3 163 185 133 69 19 114 28 180 1 190 110 136 60 183 113 145 70 56 170 39 86 67 168 197 156 138 115 48 62 90 61 146 160 94 37 7 192 125 159 199 179 169 64 58 68 143 78 174 38 24 153 27 102 200 121 134 51 100 96 16 150 116 49 149 76 103 129 10 126 109 105 29 80 118 2 164 176 22 151 101 139 65 142 59 85 181 31 71 8 43 157 106 123 196 175 5 111 178 54 46 130 191 9 52 53 
best_value:28517647 593.795000 -2147483648time1:0.300000  time2:0.565000  time3:0.251000  time4:0.520000  totaltime1:3.202000  totaltime2:3.742000  
***********
