best_sol:138 5 91 110 14 56 135 65 58 133 19 50 167 57 152 112 124 164 180 63 39 145 192 73 178 30 95 46 139 159 55 31 114 98 81 185 129 97 193 72 4 21 23 148 175 29 32 52 147 99 41 37 89 27 45 71 197 151 183 44 9 184 60 96 130 13 188 94 136 104 143 186 187 17 11 74 142 53 33 68 137 78 171 134 128 106 125 140 77 181 83 156 200 15 20 190 111 108 54 67 189 82 127 34 174 123 177 84 162 122 158 79 90 198 18 48 64 121 149 155 146 115 8 2 24 49 131 103 43 75 88 150 163 170 173 118 191 87 86 36 141 10 166 26 76 93 102 132 168 165 157 28 69 51 61 195 153 80 179 105 182 113 92 169 194 126 25 59 154 35 100 117 6 172 47 116 3 144 38 22 101 62 12 40 1 176 199 109 161 107 85 119 196 70 66 160 120 42 16 7 
best_value:1774780 0.121000 -2147483648time1:0.272000  time2:0.310000  time3:0.253000  time4:0.534000  totaltime1:2.584000  totaltime2:2.879000  
***********
best_sol:138 5 91 110 14 56 135 65 55 115 98 48 167 83 153 112 124 164 106 63 58 183 188 73 178 43 95 47 145 161 50 31 114 96 81 180 129 93 191 72 76 21 23 185 175 29 97 32 148 99 45 54 89 57 46 35 197 151 139 44 6 184 86 9 133 13 199 94 136 52 146 186 168 17 11 74 142 53 34 68 137 78 171 141 130 36 125 140 41 181 84 156 198 15 20 190 111 107 105 67 189 82 126 42 108 155 177 77 162 127 158 79 90 187 18 87 64 121 173 176 196 117 8 2 24 49 128 103 59 71 88 149 166 200 174 118 192 12 33 30 159 10 169 26 75 147 102 132 122 165 116 28 69 51 61 193 134 80 179 37 182 113 92 150 194 104 25 60 154 16 100 120 19 172 27 170 3 144 38 22 123 62 7 40 1 157 195 109 163 152 85 119 131 70 66 160 143 39 101 4 
best_value:1780656 1197.156000 -2147483648time1:0.272000  time2:0.310000  time3:0.253000  time4:0.534000  totaltime1:2.584000  totaltime2:2.879000  
***********
best_sol:138 5 91 110 14 57 135 65 55 133 97 50 167 64 152 112 124 164 180 63 39 183 195 73 176 43 95 46 140 159 51 31 114 98 81 185 129 93 200 72 76 21 52 148 175 29 100 32 147 99 45 36 89 27 19 35 197 151 139 44 9 184 86 96 130 13 194 94 136 104 161 186 187 58 11 74 142 62 34 68 146 82 199 134 128 79 125 143 41 181 83 156 198 15 20 189 111 106 54 67 188 77 127 17 108 190 177 84 162 122 158 80 90 193 18 48 37 117 173 155 196 115 8 2 24 49 131 103 59 71 88 149 163 171 174 118 191 87 33 30 141 10 169 26 75 178 102 132 168 165 116 28 69 53 61 150 153 78 179 56 182 113 92 170 105 126 25 60 154 12 121 157 6 172 47 166 3 144 38 22 123 23 7 40 1 137 145 109 101 107 85 119 192 70 66 160 120 42 16 4 
best_value:1773834 1.006000 -2147483648time1:0.272000  time2:0.310000  time3:0.253000  time4:0.534000  totaltime1:2.584000  totaltime2:2.879000  
***********
best_sol:138 5 91 110 14 57 113 65 55 114 97 106 167 63 153 112 124 164 180 62 39 170 188 73 178 70 95 18 145 161 50 31 135 98 81 185 129 94 200 69 76 21 23 148 175 29 100 52 147 99 45 37 89 27 46 54 197 151 139 44 6 184 86 96 133 13 194 15 136 104 186 130 187 59 11 74 142 35 36 68 146 78 195 141 128 79 162 140 41 181 83 156 198 16 20 190 111 107 53 67 192 82 125 34 108 123 177 77 143 122 158 80 90 189 17 87 64 117 173 176 196 115 8 2 9 49 127 103 43 72 88 150 168 171 174 118 191 12 33 30 159 24 169 26 75 93 10 132 183 165 116 28 48 51 61 193 134 22 179 56 182 155 92 149 105 126 25 60 154 32 121 157 19 172 47 166 3 144 38 58 102 84 7 40 1 137 199 109 163 152 85 119 131 71 66 160 120 42 101 4 
best_value:1778671 987.767000 -2147483648time1:0.272000  time2:0.310000  time3:0.253000  time4:0.534000  totaltime1:2.584000  totaltime2:2.879000  
***********
