best_sol:184 52 67 19 51 94 138 105 149 111 170 116 1 22 55 137 196 173 167 23 56 103 98 128 26 3 189 61 62 176 42 5 175 183 32 88 66 92 63 40 115 125 114 82 70 89 77 93 21 162 188 106 186 200 187 112 145 33 139 135 6 49 171 117 37 120 178 122 144 76 4 9 91 153 126 118 161 83 47 166 113 119 185 155 110 129 24 69 60 14 109 74 100 172 29 17 99 84 132 16 150 146 36 164 13 140 39 48 101 182 158 80 65 64 72 75 8 59 154 141 50 177 165 18 198 180 148 38 142 156 190 11 97 96 169 108 2 58 179 25 194 136 86 12 121 71 30 78 15 133 20 104 181 10 193 41 191 102 197 54 46 147 31 107 195 53 123 192 159 35 160 79 81 134 34 73 131 163 27 168 68 43 57 127 152 157 199 143 44 124 85 7 45 151 90 95 28 174 87 130 
best_value:404425 0.075000 -2147483648time1:0.258000  time2:0.268000  time3:0.331000  time4:0.245000  totaltime1:2.641000  totaltime2:2.567000  
***********
best_sol:133 63 4 19 177 126 138 105 149 158 170 131 1 57 55 137 196 173 167 23 56 51 98 128 26 3 189 61 62 200 95 5 117 183 32 88 66 92 81 40 115 125 114 82 70 89 199 118 142 162 188 106 107 195 187 112 72 33 139 29 6 49 171 54 37 77 155 122 144 76 10 146 91 153 135 36 161 169 47 166 113 119 59 176 110 129 42 175 60 68 109 74 100 53 73 17 99 84 132 16 18 78 93 164 13 140 39 48 101 182 27 108 80 64 186 75 8 154 30 111 50 185 165 141 198 180 148 2 65 156 190 11 97 96 150 120 22 58 179 21 194 136 86 12 121 71 9 14 15 69 67 104 181 41 193 172 191 102 197 184 46 147 31 34 20 116 123 192 159 35 160 79 52 134 145 24 103 163 178 168 83 43 94 127 152 157 38 143 44 124 85 7 45 151 90 25 28 174 87 130 
best_value:404247 0.000000 -2147483648time1:0.258000  time2:0.268000  time3:0.331000  time4:0.245000  totaltime1:2.641000  totaltime2:2.567000  
***********
best_sol:132 64 131 117 51 94 155 105 149 129 170 63 1 112 55 126 196 146 167 23 96 197 188 163 118 125 194 92 106 113 42 5 175 159 32 83 88 17 81 40 115 39 114 153 123 89 160 128 21 99 164 60 179 195 187 50 12 41 139 148 48 49 171 142 37 120 68 6 151 76 4 9 91 184 176 38 161 58 137 2 20 119 59 26 168 116 24 82 145 22 109 77 198 53 29 98 62 84 174 45 66 78 93 47 102 61 8 70 101 182 27 80 124 13 186 150 158 154 172 177 169 193 165 141 111 166 173 3 65 56 79 11 97 67 28 143 107 43 140 25 147 136 86 75 121 71 181 14 33 133 16 104 156 10 18 35 191 74 72 54 46 15 31 34 7 183 30 192 52 110 185 87 144 134 189 73 103 162 178 36 19 85 57 127 108 157 199 122 44 200 69 190 180 152 90 95 100 135 138 130 
best_value:404538 2.982000 -2147483648time1:0.258000  time2:0.268000  time3:0.331000  time4:0.245000  totaltime1:2.641000  totaltime2:2.567000  
***********
best_sol:133 63 4 19 51 126 138 105 149 158 170 131 1 57 15 137 196 173 167 23 56 193 98 128 26 3 189 61 62 200 95 5 117 183 32 88 66 92 81 40 115 125 114 82 70 89 199 118 142 162 188 106 107 195 187 112 72 33 139 29 6 49 171 54 37 77 155 122 144 76 10 9 91 153 135 36 161 169 47 166 113 119 185 176 110 129 42 175 60 87 109 74 100 53 73 17 99 84 132 16 55 146 93 164 13 140 39 48 101 182 27 44 80 64 186 75 8 59 154 151 50 177 130 141 198 180 148 2 65 156 190 11 97 96 150 120 22 58 179 21 194 136 86 12 121 71 111 78 14 69 30 104 181 41 18 172 191 102 197 184 46 147 31 34 20 116 123 192 159 35 160 79 52 134 145 24 103 163 178 168 83 43 94 127 108 157 67 143 38 124 85 7 45 152 90 25 28 174 165 68 
best_value:404247 0.000000 -2147483648time1:0.258000  time2:0.268000  time3:0.331000  time4:0.245000  totaltime1:2.641000  totaltime2:2.567000  
***********
