best_sol:172 45 67 141 77 87 189 6 29 107 32 23 180 63 104 131 181 167 162 33 88 200 117 21 108 35 18 96 165 186 7 57 166 72 93 161 195 11 111 15 44 75 46 124 120 14 66 30 118 103 34 62 65 22 94 100 194 142 150 84 10 158 79 74 182 92 122 25 127 58 147 184 155 89 13 81 144 20 97 4 102 12 143 160 152 26 179 193 40 145 95 135 173 82 3 164 192 133 69 19 114 50 175 99 190 128 136 60 191 113 140 70 56 171 38 91 68 168 197 156 137 115 48 55 90 61 109 148 28 37 53 198 188 159 199 174 169 64 51 42 134 78 183 47 24 153 27 112 187 121 138 36 73 101 16 126 116 49 149 76 154 129 2 146 119 105 17 80 132 1 185 176 83 151 98 139 52 125 59 85 178 31 71 8 43 157 106 123 196 170 5 110 177 54 39 130 163 9 41 86 
best_value:40167289 1.047000 -2147483648time1:0.250000  time2:0.281000  time3:0.250000  time4:0.516000  totaltime1:2.468000  totaltime2:2.640000  
***********
best_sol:160 45 75 141 77 87 189 1 29 107 32 23 180 63 104 131 172 167 162 21 88 200 117 41 105 6 18 96 165 186 7 57 166 72 93 161 195 11 111 15 44 79 46 124 120 14 66 30 118 103 34 62 65 22 33 100 194 142 150 84 10 158 83 35 182 92 122 25 127 58 147 178 119 89 13 81 144 20 97 42 102 12 143 155 152 26 171 193 40 145 95 135 173 82 28 164 191 187 69 19 114 50 175 4 190 128 136 60 183 113 140 70 56 184 38 91 67 168 197 156 137 115 48 55 90 61 108 148 94 37 53 198 188 159 199 179 169 64 51 68 138 78 174 47 24 153 27 112 192 121 133 36 73 101 16 126 116 49 149 76 154 129 2 146 109 130 17 80 132 5 185 176 74 151 98 139 52 125 59 85 181 31 71 8 43 157 106 123 196 170 99 110 177 54 39 134 163 9 3 86 
best_value:40163192 976.318000 -2147483648time1:0.250000  time2:0.281000  time3:0.250000  time4:0.516000  totaltime1:2.468000  totaltime2:2.640000  
***********
best_sol:160 45 67 141 77 86 192 6 29 107 32 23 200 63 104 131 172 167 162 21 97 191 117 52 108 35 18 96 165 186 7 57 166 75 93 161 195 11 111 15 44 79 46 124 120 14 66 30 122 103 34 62 65 22 33 99 194 142 147 84 88 158 83 73 182 92 180 25 127 58 148 125 118 89 13 81 144 20 3 4 102 12 143 155 189 26 171 193 40 145 95 135 173 82 28 164 184 134 72 19 114 50 175 1 190 128 136 60 183 113 140 70 56 176 38 91 68 168 197 156 137 115 48 55 90 61 109 152 94 37 53 198 188 159 199 179 169 64 51 80 138 78 174 47 24 154 27 112 187 121 133 36 100 101 16 153 116 49 150 76 149 129 10 146 119 105 17 87 132 2 185 177 74 151 98 139 71 126 59 85 181 31 69 8 43 157 106 123 196 170 5 110 178 54 39 130 163 9 41 42 
best_value:40158283 291.369000 -2147483648time1:0.250000  time2:0.281000  time3:0.250000  time4:0.516000  totaltime1:2.468000  totaltime2:2.640000  
***********
best_sol:160 45 67 141 80 87 189 10 29 107 32 23 180 62 123 131 172 167 162 33 97 200 117 21 108 35 18 96 165 186 7 57 166 75 93 161 195 11 111 15 44 79 46 124 120 6 63 25 114 103 34 48 65 22 30 43 194 142 147 84 14 158 77 78 182 92 122 26 127 58 148 184 118 89 13 81 145 20 3 42 102 12 143 155 144 73 179 193 40 153 95 135 173 82 28 164 192 134 69 19 104 50 175 4 190 129 136 60 191 113 140 72 56 171 38 99 68 168 197 156 137 115 47 55 88 61 109 152 94 37 53 198 188 159 199 174 169 64 51 90 138 91 183 66 24 154 27 112 187 121 133 36 100 101 16 126 116 49 150 76 149 181 2 146 119 105 17 83 132 1 185 176 74 151 98 139 70 125 59 85 178 31 71 8 54 157 106 128 196 170 5 110 177 52 39 130 163 9 41 86 
best_value:40158016 131.938000 -2147483648time1:0.250000  time2:0.281000  time3:0.250000  time4:0.516000  totaltime1:2.468000  totaltime2:2.640000  
***********
