best_sol:140 33 90 60 10 110 178 153 180 14 102 139 41 87 36 169 176 122 1 11 157 128 81 188 172 32 54 174 195 152 23 185 80 147 99 170 129 126 67 61 31 177 143 56 148 85 164 158 53 125 5 107 47 17 26 49 16 167 138 144 162 191 72 105 29 168 42 92 121 194 48 115 82 118 64 131 40 24 6 166 27 44 30 160 93 123 2 171 114 183 192 73 21 132 78 28 37 95 116 108 155 117 38 186 89 193 156 146 7 100 109 179 45 104 51 66 103 76 175 137 165 130 20 134 18 97 149 91 197 86 163 69 199 133 9 136 70 98 120 151 34 94 184 200 127 88 50 25 15 159 77 71 154 173 111 142 63 65 79 13 190 189 12 101 145 35 141 52 96 161 58 84 196 187 124 19 59 150 46 3 181 75 198 182 74 113 112 22 57 83 68 106 119 4 62 55 39 8 135 43 
best_value:-889988 1038.907000 -2147483648time1:0.241000  time2:0.243000  time3:0.221000  time4:0.458000  totaltime1:2.382000  totaltime2:2.366000  
***********
best_sol:4 77 146 8 62 168 192 98 121 29 69 178 72 59 67 114 123 40 147 143 154 75 22 194 35 17 174 153 32 187 39 84 56 117 78 179 150 165 122 101 124 5 130 53 110 43 171 74 44 172 106 16 46 119 81 164 155 83 18 47 177 173 28 190 58 41 13 163 118 24 94 88 159 126 10 116 73 151 161 128 7 166 193 97 92 157 133 198 127 95 137 38 196 12 11 65 107 144 104 185 86 64 30 181 82 42 80 125 176 48 200 55 15 63 57 148 108 50 71 52 6 45 2 96 14 189 135 113 51 132 170 199 160 34 167 188 89 149 61 100 183 186 138 180 197 182 33 19 76 26 31 112 103 136 21 68 169 3 87 79 23 129 115 195 99 141 156 102 191 134 175 109 60 91 90 66 152 184 27 49 158 54 140 105 131 111 70 162 139 25 93 120 37 145 9 36 1 85 142 20 
best_value:-721157 787.696000 -2147483648time1:0.241000  time2:0.243000  time3:0.221000  time4:0.458000  totaltime1:2.382000  totaltime2:2.366000  
***********
best_sol:8 55 90 60 10 63 178 196 180 129 115 50 102 30 9 46 144 122 1 191 190 160 150 136 172 32 170 61 92 16 23 33 80 188 175 137 161 126 67 39 31 152 14 56 148 68 164 158 53 125 5 107 47 17 35 49 87 167 166 74 162 96 95 54 124 143 36 65 145 165 48 44 64 118 169 131 3 147 45 24 27 139 85 195 52 123 174 22 114 99 193 73 21 132 78 151 37 104 116 108 155 171 51 186 89 200 156 146 72 94 109 6 43 26 194 66 103 7 105 86 119 130 141 134 15 62 199 91 133 149 4 69 2 177 173 142 70 185 120 121 34 41 28 98 189 88 153 25 197 71 179 127 154 11 111 117 138 110 79 13 29 97 12 101 176 192 183 184 159 128 58 84 82 187 81 19 59 100 77 76 181 75 198 182 168 113 112 20 57 83 38 106 163 140 18 157 93 42 135 40 
best_value:-891819 91.812000 -2147483648time1:0.241000  time2:0.243000  time3:0.221000  time4:0.458000  totaltime1:2.382000  totaltime2:2.366000  
***********
best_sol:92 102 120 38 200 63 152 20 180 14 62 50 41 95 199 170 192 151 99 191 157 111 55 184 122 32 54 174 195 116 23 185 156 188 11 137 129 126 67 140 31 66 143 56 148 85 164 100 144 125 5 117 47 17 26 49 16 177 175 74 162 83 72 105 28 159 36 65 145 161 82 186 124 118 169 196 187 53 90 166 172 44 30 94 93 123 2 171 114 183 193 73 21 132 78 60 37 121 61 147 155 168 51 1 89 87 160 6 64 80 48 179 43 197 194 81 103 107 8 86 165 33 108 134 18 167 149 91 133 115 163 69 139 42 9 136 70 7 24 154 34 189 39 98 127 178 153 25 15 71 158 88 190 173 119 142 138 146 79 198 29 58 12 101 176 35 141 52 96 128 76 84 45 13 46 19 59 150 77 3 181 75 104 182 97 113 112 22 57 131 68 10 130 4 109 27 106 110 135 40 
best_value:-888122 422.162000 -2147483648time1:0.241000  time2:0.243000  time3:0.221000  time4:0.458000  totaltime1:2.382000  totaltime2:2.366000  
***********
