best_sol:174 78 102 108 157 182 155 189 143 40 8 56 7 158 47 44 37 198 77 166 184 176 106 24 197 90 151 177 96 26 43 20 55 103 86 100 142 170 185 137 68 181 139 38 169 1 75 123 147 53 84 62 79 72 173 160 101 172 88 13 190 159 134 150 109 27 91 73 168 92 129 83 188 199 180 94 114 98 164 21 135 138 17 161 45 113 11 3 67 59 130 127 121 80 5 125 31 42 30 154 192 191 145 97 152 81 28 93 128 76 69 9 107 140 118 35 34 6 51 15 167 119 163 65 48 58 16 63 39 171 165 187 54 52 110 2 194 18 33 183 66 19 115 144 141 162 193 71 126 57 120 4 64 36 99 196 85 14 200 49 87 70 195 122 41 153 74 149 146 117 29 131 111 178 50 133 25 132 22 124 136 89 46 179 116 186 105 12 23 10 104 82 175 60 156 148 61 95 32 112 
best_value:444319 554.462000 -2147483648time1:0.265000  time2:0.265000  time3:0.240000  time4:0.479000  totaltime1:2.529000  totaltime2:2.474000  
***********
best_sol:67 26 92 197 157 88 137 37 108 130 85 134 107 132 152 44 109 8 176 193 184 150 106 47 171 101 151 46 18 36 29 51 62 103 86 100 89 90 16 158 68 198 186 115 173 192 75 123 147 124 163 53 6 71 33 129 30 172 28 13 190 159 77 142 20 185 91 73 146 56 191 177 188 199 154 14 70 98 162 21 135 102 17 161 84 27 160 116 3 41 144 76 121 80 179 189 104 180 82 155 164 48 145 97 34 81 94 93 128 25 69 49 55 140 118 111 35 99 40 15 196 96 7 65 10 58 136 60 39 83 127 187 200 52 156 112 24 133 139 183 113 19 170 45 141 122 31 119 126 12 194 4 64 32 59 181 72 23 143 1 138 54 125 166 167 153 57 149 43 117 195 114 5 165 50 74 168 131 22 38 87 182 95 169 66 42 105 9 2 178 78 63 79 175 11 148 61 174 120 110 
best_value:447776 3.276000 -2147483648time1:0.265000  time2:0.265000  time3:0.240000  time4:0.479000  totaltime1:2.529000  totaltime2:2.474000  
***********
best_sol:67 26 113 48 157 45 193 57 143 120 34 174 107 132 50 156 37 8 171 30 72 24 106 155 197 101 151 13 36 62 43 51 55 16 86 111 77 170 93 66 184 198 20 38 169 165 70 182 147 137 154 53 6 71 33 129 136 172 88 56 190 25 134 150 47 196 91 46 104 146 191 35 188 73 180 94 114 176 162 44 135 102 17 161 84 63 160 85 39 97 130 76 121 80 144 189 98 42 82 142 164 1 173 90 115 79 28 19 128 192 92 9 116 140 118 123 149 158 23 15 3 96 163 65 10 21 59 60 61 81 127 187 185 41 141 112 194 18 139 183 199 145 7 195 166 52 31 119 126 200 110 4 64 74 99 181 103 14 109 49 138 54 125 177 167 153 75 122 89 117 83 131 5 124 40 133 100 29 22 159 87 12 95 179 58 27 105 152 2 178 78 108 175 186 11 148 68 168 32 69 
best_value:446587 408.557000 -2147483648time1:0.265000  time2:0.265000  time3:0.240000  time4:0.479000  totaltime1:2.529000  totaltime2:2.474000  
***********
best_sol:76 26 92 197 157 45 38 57 143 55 138 174 31 148 50 112 6 85 176 166 179 24 128 140 51 158 108 13 96 132 43 59 104 103 86 37 142 161 27 137 184 167 186 2 15 192 64 56 147 53 149 119 79 87 33 129 67 172 28 14 190 82 134 71 47 94 91 46 146 25 20 35 52 73 154 58 70 62 162 21 97 102 153 113 98 63 195 3 39 107 180 127 121 80 182 125 124 42 30 155 135 11 145 185 115 93 68 156 191 84 160 164 116 72 118 151 34 150 95 54 196 10 163 65 48 18 81 60 159 83 165 187 200 130 141 123 7 188 139 183 189 19 170 193 122 131 75 168 126 12 110 4 106 32 99 181 5 23 173 49 78 9 88 177 199 144 74 17 89 117 169 114 111 198 1 133 100 29 22 41 136 44 171 77 66 101 90 152 8 178 36 40 194 175 105 16 61 109 120 69 
best_value:444071 62.888000 -2147483648time1:0.265000  time2:0.265000  time3:0.240000  time4:0.479000  totaltime1:2.529000  totaltime2:2.474000  
***********
