best_sol:31 70 12 41 173 176 194 164 62 84 24 30 38 97 64 73 11 144 141 124 197 187 82 189 110 29 126 103 92 117 114 2 132 43 17 152 151 83 165 143 39 109 167 27 14 63 100 23 58 119 178 137 174 193 191 87 25 59 112 157 146 184 125 79 115 71 54 170 19 55 96 89 122 154 35 88 106 199 32 169 138 160 74 34 139 45 183 166 72 20 188 116 133 149 168 111 68 7 171 75 155 196 147 15 1 46 200 37 113 198 181 93 91 57 18 121 22 179 56 99 85 158 78 186 131 175 28 142 66 69 163 44 159 177 130 135 161 156 94 76 108 10 50 4 26 120 105 192 129 3 77 53 190 60 127 8 102 101 134 5 104 13 145 81 67 98 185 9 148 180 21 48 6 49 36 51 182 128 42 95 172 80 162 61 52 140 136 123 153 118 33 90 47 107 16 86 40 150 195 65 
best_value:-19627773 151.250000 -2147483648time1:0.243000  time2:0.238000  time3:0.227000  time4:0.454000  totaltime1:2.379000  totaltime2:2.395000  
***********
best_sol:153 79 181 13 180 175 84 32 64 177 196 155 131 170 185 112 19 104 65 76 34 29 191 55 108 145 78 21 58 190 111 117 149 194 142 62 122 80 183 101 48 85 39 74 15 166 150 31 9 26 138 130 14 200 40 106 102 4 38 8 16 73 124 86 17 105 146 41 57 56 59 93 169 94 119 120 37 128 61 30 154 137 147 179 95 43 160 71 20 113 173 22 98 92 184 107 100 52 174 83 162 187 197 1 192 136 115 152 27 110 165 114 75 189 72 77 7 121 123 143 24 151 63 54 91 171 81 186 132 125 199 157 103 44 159 87 90 33 66 67 6 134 135 139 69 60 127 161 176 198 18 42 3 193 12 68 129 172 96 23 51 28 167 36 158 50 144 163 82 133 182 188 35 109 141 178 118 46 116 47 45 70 140 88 148 89 53 168 2 10 164 156 126 5 99 11 25 49 97 195 
best_value:-18931267 815.307000 -2147483648time1:0.243000  time2:0.238000  time3:0.227000  time4:0.454000  totaltime1:2.379000  totaltime2:2.395000  
***********
best_sol:31 70 196 110 173 155 194 146 139 180 24 30 162 44 64 73 36 144 141 53 148 177 121 189 72 29 82 103 46 117 114 2 132 43 193 152 151 83 165 143 109 116 136 27 14 63 39 187 95 119 65 185 174 13 191 87 97 11 112 157 142 32 57 79 163 195 54 170 19 55 15 89 127 154 35 130 164 156 67 167 138 153 74 25 37 45 183 176 199 38 71 18 172 149 168 111 68 115 171 188 34 169 125 23 50 147 52 4 113 198 81 137 91 7 59 41 75 179 160 6 40 20 78 118 166 175 28 56 3 124 92 62 159 135 197 22 161 49 94 76 108 10 126 69 26 178 105 192 129 88 77 96 190 60 58 8 102 101 181 5 104 9 145 12 134 98 158 84 122 85 21 48 100 186 106 51 182 128 42 1 66 80 133 61 120 140 200 123 184 93 33 90 47 107 16 86 131 150 99 17 
best_value:-19681502 745.854000 -2147483648time1:0.243000  time2:0.238000  time3:0.227000  time4:0.454000  totaltime1:2.379000  totaltime2:2.395000  
***********
best_sol:31 70 196 110 173 176 120 164 62 84 24 147 162 7 178 73 11 144 141 53 61 177 40 189 72 29 82 150 92 78 114 2 95 128 17 152 151 83 165 143 5 145 35 27 14 126 98 18 58 119 129 185 174 193 180 33 8 66 112 157 146 20 57 39 198 195 54 113 125 55 167 153 87 154 194 88 106 199 172 77 138 160 74 34 25 19 183 13 79 38 71 59 37 149 168 42 68 32 171 75 155 169 107 188 1 46 76 4 131 118 81 93 91 99 41 121 22 179 56 109 132 158 45 116 166 175 28 142 26 69 163 44 159 23 63 135 161 49 94 197 108 10 191 136 89 124 105 192 139 111 148 117 190 15 50 43 102 101 181 140 103 115 16 12 134 30 187 127 122 85 21 48 100 186 36 51 182 137 86 97 80 60 133 96 52 156 200 123 104 67 9 90 47 170 184 130 64 6 3 65 
best_value:-19632357 332.816000 -2147483648time1:0.243000  time2:0.238000  time3:0.227000  time4:0.454000  totaltime1:2.379000  totaltime2:2.395000  
***********
