best_sol:76 26 128 13 66 147 176 24 5 63 187 81 107 59 69 112 6 80 166 185 7 198 88 4 169 154 151 46 25 100 43 117 192 199 142 190 162 60 42 34 56 85 111 104 155 156 75 58 14 19 106 72 79 144 33 102 30 83 41 137 180 193 184 15 200 175 82 1 38 150 139 177 70 62 119 18 161 57 110 96 135 21 120 131 44 27 133 3 159 97 77 22 196 74 189 53 11 118 160 145 50 191 78 28 129 93 95 64 197 84 126 54 23 40 87 123 152 94 71 125 174 178 99 73 67 52 165 130 39 90 181 157 172 186 127 16 153 121 141 109 183 134 164 45 86 92 101 9 35 138 194 195 37 10 51 91 55 171 114 98 188 20 167 124 31 61 113 122 48 163 68 49 32 47 173 105 132 168 116 182 158 12 103 179 149 143 65 140 8 17 36 170 148 2 108 89 146 136 29 115 
best_value:3124494 0.000000 -2147483648time1:0.254000  time2:0.257000  time3:0.246000  time4:0.481000  totaltime1:2.509000  totaltime2:2.485000  
***********
best_sol:4 26 46 129 91 147 176 138 174 63 187 81 107 37 108 112 165 80 77 23 5 198 60 131 169 47 151 72 29 100 43 86 192 199 171 149 162 115 42 145 113 143 130 173 155 178 152 56 14 40 106 125 79 58 33 102 48 8 41 36 180 82 1 71 121 175 156 73 38 154 94 177 10 76 119 18 161 57 110 96 78 191 170 3 193 51 22 194 159 97 74 200 196 133 184 53 11 118 160 83 50 70 65 28 172 39 135 197 189 25 126 132 116 24 87 142 6 185 158 111 166 49 148 167 62 52 182 144 59 90 15 150 20 186 21 16 104 137 69 127 183 134 139 45 141 92 66 9 35 120 31 84 44 27 190 123 55 30 164 98 188 54 157 124 101 181 17 67 146 163 68 109 32 122 136 105 85 168 95 128 34 12 103 179 114 19 7 140 64 88 75 153 93 2 99 89 61 117 13 195 
best_value:3636750 520.946000 -2147483648time1:0.254000  time2:0.257000  time3:0.246000  time4:0.481000  totaltime1:2.509000  totaltime2:2.485000  
***********
best_sol:76 26 128 13 66 147 176 24 5 63 187 81 107 59 173 112 6 80 146 185 7 29 88 4 169 154 151 46 25 100 43 117 192 199 142 190 162 60 42 34 56 85 111 104 155 156 75 58 14 19 106 72 102 144 33 137 67 83 41 8 180 193 184 15 200 175 141 1 174 150 139 177 70 62 119 18 161 57 30 96 135 21 170 131 44 27 133 3 159 97 77 22 196 74 189 53 11 118 160 145 50 38 78 28 129 93 95 64 197 84 191 54 23 40 110 123 152 94 71 125 166 49 99 73 91 52 165 130 39 90 181 157 172 186 127 87 188 121 69 109 183 134 164 45 86 92 101 9 35 138 194 195 37 10 51 68 55 171 114 98 178 20 167 124 31 61 113 122 48 163 198 79 32 47 16 105 132 168 116 182 158 12 103 179 149 143 65 140 136 17 36 82 148 2 108 89 126 153 120 115 
best_value:3193500 0.001000 -2147483648time1:0.254000  time2:0.257000  time3:0.246000  time4:0.481000  totaltime1:2.509000  totaltime2:2.485000  
***********
best_sol:132 5 46 171 66 194 176 138 75 183 27 81 101 94 69 112 129 77 146 185 7 198 60 131 177 47 151 54 190 9 153 50 92 68 18 192 162 107 42 64 154 41 111 15 155 99 152 56 14 53 106 199 102 173 36 1 35 12 23 137 143 24 184 118 200 175 141 73 57 133 139 63 172 76 119 166 147 62 30 96 135 21 120 161 44 20 22 72 159 97 74 51 196 186 86 83 59 145 160 2 108 38 78 28 104 191 95 197 189 25 52 124 13 40 87 123 34 156 71 125 174 49 121 61 67 58 165 130 39 90 181 187 3 11 127 144 188 113 105 82 142 134 164 128 70 109 33 110 6 26 31 84 195 10 150 91 55 37 193 98 178 114 157 43 4 148 100 17 48 163 169 79 32 122 16 45 85 168 116 80 158 180 103 179 149 19 65 140 136 88 8 170 93 167 182 89 126 117 29 115 
best_value:3660389 796.590000 -2147483648time1:0.254000  time2:0.257000  time3:0.246000  time4:0.481000  totaltime1:2.509000  totaltime2:2.485000  
***********
